TTBB  14238 ///// 
00985 16258 11979 14859 22973 14258 33859 04823 44844
04449 55802 00824 66770 01157 77751 00977 88738 00789
99729 00997 11726 01196 22715 00180 33667 03970 44609
06378 55595 07572 66563 09975 77509 15968 88453 22969
99341 38362 11216 51769 22210 51170 33185 54172 44183
53772 55163 55574 66157 54775 77119 60578 88114 59178
99106 60778 11100 58578
21212 00985 30501 11963 24507 22947 25508 33914 27507
44881 28007 55802 23005 66789 23004 77782 21504 88762
25506 99723 23514 11697 23519 22620 22522 33605 22524
44475 22025 55284 23036 66260 23535 77205 24527 88159
23025 99150 26018 11138 25025 22135 25024 33122 24527
44102 24019 55100 24018
31313 45408 82232=
