TTAA  14231 ///// 
99985 16258 30501 00143 ///// ///// 92800 10456 27008
85496 04642 28506 70053 01174 23519 50566 17169 22525
40729 29766 22530 30928 42767 23034 25050 49368 23036
20195 52571 24526 15379 55976 26019 10633 58378 24018
88188 53972 24527 88119 60378 24525
77284 23036 40602
31313 45408 82232=
 
TTBB  14238 ///// 
00985 16258 11979 14659 22973 14258 33852 04839 44844
04449 55802 00824 66777 00936 77770 01157 88749 00778
99736 00792 11717 00182 22667 04170 33609 06378 44595
07572 55563 09975 66509 16168 77453 22969 88341 38362
99216 51769 11210 51370 22188 53972 33163 55574 44158
54975 55119 60378 66113 59378 77107 60577 88103 59178
99100 58378
21212 00985 30501 11963 24507 22947 25508 33914 27507
44881 28007 55802 23005 66789 23004 77782 21504 88762
25506 99723 23514 11697 23519 22620 22522 33605 22524
44475 22025 55284 23036 66260 23535 77205 24527 88159
23025 99150 26018 11138 25025 22135 25024 33122 24527
44102 24019 55100 24018
31313 45408 82232=
 
TTCC  14231 ///// 
70857 57378 21015 50069 54579 21006 30397 53578 13010
20661 48780 09016 10120 43381 09524
88999
77999
31313 45408 82232=
 
TTDD  1423/ ///// 
11964 57778 22807 60377 33678 57378 44616 60777 55532
54580 66469 53179 77426 55578 88386 53179 99340 54178
11264 49780 22224 50379 33142 45980 44129 47379 55073
35384 66072 35584
21212 11849 22016 22824 23010 33764 24520 44692 20513
55673 21510 66621 23002 77569 23014 88501 21005 99408
11003 11402 09004 22383 16505 33359 12009 44228 07517
55180 11018 66103 10526 77072 09520
31313 45408 82232=
