PPAA  14238 ///// 
55385 28506 23519 22525 55340 22530 23034 23036 55320
24526 26019 24018
77284 23036 40602=
 
PPBB  14238 ///// 
90/23 30501 25508 27507 90467 28007 23005 23004 91024
23519 24019 22524 915// 22523 92358 22530 23032 22531
93236 23036 23534 23034 937// 23035 94039 24026 23530
26024 9534/ 23522 24018=
 
PPCC  14238 ///// 
55370 21015 21006 13010 55220 09016 09524
77999=
 
PPDD  14238 ///// 
958// 22514 96135 22520 21510 25505 9668/ 23014 21507
97456 09004 16505 12009 9836/ 11018 07517 991// 11018
103// 10526 111// 09520=
