TTAA  14151 ///// 
99985 10004 04501 00146 ///// ///// 92792 07407 31007
85486 05005 25512 70049 04101 25023 50562 20119 25034
40726 25526 25556 30928 39933 26562 25050 50123 26565
20194 52133 26041 15379 58359 24515 10/// 58570 /////
88218 53331 25059 88124 64562 25023
77248 26565 40224
31313 45408 81432=
 
TTBB  14158 ///// 
00985 10004 11981 09613 22972 08810 33719 02501 44699
04101 55692 03101 66616 11903 77610 11502 88533 17734
99516 18508 11506 19523 22478 22110 33454 23949 44449
23750 55442 23349 66353 32714 77306 38935 88276 44721
99244 50927 11229 51727 22218 53331 33172 53326 44124
64562 55112 65164 66100 58570
21212 00985 04501 11947 29503 22926 31007 33913 30509
44880 28512 55838 25514 66788 25516 77756 25018 88666
24022 99604 24528 11531 25531 22454 24540 33382 25557
44290 26563 55276 26565 66248 26565 77222 25061 88209
25044 99201 25542 11176 24536 22169 24030 33151 24515
44135 25523 55115 27028 66114 26529 77100 /////
31313 45408 81432=
 
TTCC  1415/ ///// 
NIL=
 
TTDD  1415/ ///// 
11796 58157
21212 11796 18007
31313 45408 81432=
