TTBB  14158 ///// 
00985 10004 11981 09613 22972 08811 33719 02501 44698
04101 55692 03101 66614 12103 77608 11302 88533 17734
99516 18508 11453 23950 22449 23750 33441 23348 44353
32514 55242 51329 66236 50331 77217 53532 88193 50938
99123 64562 11122 64762 22110 65165 33100 58570
21212 00985 04501 11947 29503 22926 31007 33913 30509
44880 28512 55838 25514 66788 25516 77756 25018 88666
24022 99604 24528 11531 25531 22454 24540 33382 25557
44290 26563 55276 26565 66248 26565 77222 25061 88209
25044 99201 25542 11176 24536 22169 24030 33151 24515
44135 25523 55115 27028 66114 26529 77100 /////
31313 45408 81432=
