TTBB  14068 ///// 
00988 09082 11971 07823 22960 07224 33836 00412 44813
03208 55770 00410 66749 00613 77729 05131 88716 02947
99712 03350 11698 02950 22686 03957 33677 02960 44655
02758 55640 03939 66633 03138 77626 03535 88577 06559
99554 06562 11539 07763 22464 14745 33330 33356 44242
52945 55171 63345 66165 61350 77161 60748 88140 65939
99135 66941 11117 56757 22111 49957 33101 55150 44100
55564
21212 00988 00000 11950 30506 22916 30006 33882 30507
44816 25018 55789 24521 66691 25030 77606 25032 88498
25538 99420 25531 11280 25035 22170 25524 33163 24518
44150 27017 55139 26527 66134 25531 77129 24529 88114
26028 99111 26020 11104 24010 22102 23502 33100 06502
31313 45408 80603=
