PPAA  14068 ///// 
55385 27509 25030 25538 55340 25532 25034 25035 55320
24534 27017 06502
77498 25538 40406=
 
PPBB  14068 ///// 
90/23 00000 30506 30006 90467 30507 24020 24521 909//
25526 91046 25030 25032 25036 919// 25538 9223/ 25533
25531 93349 25037 25033 25036 94067 24031 27517 27024
948// 25531 95015 26034 25532 06502=
 
PPCC  14068 ///// 
NIL=
 
PPDD  14068 ///// 
957// 26005 9789/ 10006 12010 98345 10015 08022 10010
9867/ 08522 07014 99046 09514 07027 08032 999// 10028
1059/ 09019 09526=
