TTAA  14061 ///// 
99988 09082 00000 00175 ///// ///// 92817 04617 31004
85501 01012 27509 70058 02950 25030 50569 11957 25538
40737 22350 25532 30941 39750 25034 25063 51147 25035
20204 60746 24534 15383 62743 27017 10635 55564 06502
88136 66740 26030
77498 25538 40406
31313 45408 80603=
 
TTBB  14068 ///// 
00988 09082 11971 07823 22960 07224 33837 00412 44817
02609 55771 00610 66749 00613 77727 04939 88717 02747
99712 03350 11700 02950 22687 03757 33677 02960 44671
02759 55657 02758 66641 03939 77633 03138 88626 03535
99577 06559 11556 06362 22539 07763 33464 14945 44330
33556 55242 53145 66172 63344 77165 61350 88161 60948
99140 65939 11136 66740 22135 66740 33117 56757 44110
50557 55101 55350 66100 55564
21212 00988 00000 11950 30506 22916 30006 33882 30507
44816 25018 55789 24521 66691 25030 77606 25032 88498
25538 99420 25531 11280 25035 22170 25524 33163 24518
44150 27017 55139 26527 66134 25531 77129 24529 88114
26028 99111 26020 11104 24010 22102 23502 33100 06502
31313 45408 80603=
 
TTCC  14061 ///// 
70/// 58374 ///// 50/// 56582 ///// 30480 52383 11013
20742 47585 07522 10204 42987 09019
88855 61168 27006
77165 08032 41208
31313 45408 80603=
 
TTDD  1406/ ///// 
11855 61168 22848 61368 33710 57972 44385 54582 55352
52782 66324 53782 77290 52775 88253 54582 99193 47185
11155 48585 22120 43586 33113 44187 44106 43388 55104
42988 66090 395//
21212 11992 08001 22966 01501 33956 29002 44935 26003
55808 29017 66363 12010 77288 09016 88280 08022 99269
10010 11259 08522 22243 07014 33167 08029 44165 08032
55116 09022 66090 09526
31313 45408 80603=
