PPAA  14038 ///// 
55385 31508 24527 25532 55340 25031 24531 22533 55315
55310 24512
77512 25033 40303=
 
PPBB  14038 ///// 
90/23 00000 25506 26504 90457 28004 32008 26017 909//
24525 91123 24529 25029 24032 91479 24531 25533 25033
9208/ 25531 24531 9335/ 24528 24531 940// 22530 95034
25528 25013 25011 955// 24512=
 
PPCC  14038 ///// 
55370 24506 07503 11508 55220 08519 08026
77116 09531 40610=
 
PPDD  14038 ///// 
959// 32004 9613/ 27013 24005 97013 07503 18001 12502
977// 10007 988// 08019 1015/ 09531 08026 11036 10026
07523 07015=
