TTBB  14038 ///// 
00989 09830 11972 09049 22860 02013 33849 01657 44821
04271 55818 04271 66765 02820 77712 00429 88707 00650
99653 03550 11644 03762 22636 03575 33617 02761 44606
02960 55597 03558 66539 06576 77495 11360 88490 11765
99450 16356 11281 43560 22146 63559 33119 56165 44110
57167 55106 56769 66100 58970
21212 00989 00000 11972 27003 22951 25506 33917 26504
44884 28004 55853 32008 66805 26014 77791 26017 88749
24523 99684 24529 11608 24531 22548 25533 33512 25033
44377 24529 55342 24532 66285 24528 77203 22530 88128
25528 99118 25518 11116 24514 22105 25011 33100 24512
31313 45408 80304=
