TTAA  14031 ///// 
99989 09830 00000 00184 ///// ///// 92829 06647 27505
85516 02257 31508 70086 00050 24527 50573 10960 25532
40741 22758 25031 30945 39560 24531 25/// 50559 /////
20/// 63150 22533 15/// 64558 ///// 10659 59170 24512
88128 59163 /////
77512 25033 40303
31313 45408 80304=
 
TTBB  14038 ///// 
00989 09830 11963 09050 22867 02217 33854 01431 44821
04471 55765 02820 66702 00250 77665 02939 88650 03756
99645 03760 11636 03575 22613 02759 33605 02960 44597
03558 55560 05373 66552 05369 77539 06776 88495 11360
99490 11965 11450 16356 22281 43560 33146 63359 44128
59163 55118 56165 66110 57167 77100 59170
21212 00989 00000 11972 27003 22951 25506 33917 26504
44884 28004 55853 32008 66805 26014 77791 26017 88749
24523 99684 24529 11608 24531 22548 25533 33512 25033
44377 24529 55342 24532 66285 24528 77203 22530 88128
25528 99118 25518 11116 24514 22105 25011 33100 24512
31313 45408 80304=
 
TTCC  14031 ///// 
70881 57576 24506 50093 57380 07503 30418 54781 11508
20680 50182 08519 10141 42584 08026
88999
77116 09531 40610
31313 45408 80304=
 
TTDD  1403/ ///// 
11797 61972 22713 57376 33660 58977 44545 57180 55520
58580 66434 55381 77408 56180 88387 55581 99330 56980
11201 50182 22193 50582 33113 42584 44108 42984 55065
30989 66064 30189 77063 31788
21212 11813 32006 22768 27013 33621 26504 44524 11506
55493 07503 66464 18001 77438 12502 88208 07518 99116
09531 11063 07015
31313 45408 80304=
