TTBB  14178 ///// 
00984 11002 11980 10609 22972 10001 33965 10403 44786
00612 55660 08103 66640 10559 77619 11160 88603 11962
99586 12959 11563 14363 22519 18358 33507 18762 44500
18366 55467 21168 66344 36963 77338 36564 88276 45160
99273 44960 11245 49358 22226 52959 33223 52959 44210
51161 55100 55975
21212 00984 00000 11947 32006 22913 30008 33880 27009
44802 27515 55788 27015 66752 25513 77673 24020 88603
24526 99512 25030 11445 23036 22411 23539 33336 24546
44316 25550 55294 26057 66279 26062 77254 26064 88223
25057 99208 25042 11198 25036 22187 25039 33100 24516
31313 45408 81632=
