TTAA  14171 ///// 
99984 11002 00000 00143 ///// ///// 92792 08806 31008
85489 05007 26511 70046 04910 24520 50561 18366 24032
40724 29165 23542 30924 41162 26056 25046 48959 26063
20191 52161 25037 15/// 59166 ///// 10/// 56775 24516
88225 52959 25058
77254 26064 40719
31313 45408 81632=
 
TTBB  14178 ///// 
00984 11002 11980 10609 22972 10001 33965 10403 44786
00612 55759 00506 66692 05710 77660 08103 88643 11358
99621 11160 11603 11962 22586 13159 33563 14363 44519
18358 55508 18762 66500 18366 77467 21168 88428 26364
99385 30765 11349 36563 22328 37764 33245 49558 44225
52959 55210 51361 66100 56775
21212 00984 00000 11947 32006 22913 30008 33880 27009
44802 27515 55788 27015 66752 25513 77673 24020 88603
24526 99512 25030 11445 23036 22411 23539 33336 24546
44316 25550 55294 26057 66279 26062 77254 26064 88223
25057 99208 25042 11198 25036 22187 25039 33100 24516
31313 45408 81632=
 
TTCC  14171 ///// 
70982 58975 23512 50196 53177 16506 30526 51777 09012
20793 48777 10018 10256 37379 10025
88999
77999
31313 45408 81632=
 
TTDD  1417/ ///// 
11839 58176 22805 59375 33767 56976 44687 59175 55504
53177 66477 53776 77432 51777 88325 54375 99244 44780
11242 44777 22201 48777 33100 37379 44098 38378
21212 11865 24516 22810 24505 33709 23512 44676 19003
55421 10012 66193 09519 77187 09018 88180 09518 99173
10018 11167 10018 22160 10019 33154 09518 44123 11523
55098 09026
31313 45408 81632=
