TTAA  14091 ///// 
99985 09214 00000 00150 ///// ///// 92793 05013 33006
85480 02411 28512 70038 04315 24021 50565 13122 25543
40732 23923 26042 30/// 39936 ///// 25/// 51325 /////
20/// 55950 26042 15411 61158 25027 10662 59164 22013
88138 62357 26513
77380 26044 40304
31313 45408 80906=
 
TTBB  14098 ///// 
00985 09214 11976 08630 22850 02411 33682 02504 44677
02903 55612 08133 66599 09339 77593 07719 88588 07917
99562 10336 11522 13706 22520 13706 33509 12518 44471
14545 55399 24122 66371 27734 77358 29300 88343 31550
99184 53758 11138 62357 22137 62357 33128 61758 44110
64757 55103 58764 66103 58764 77100 59164
21212 00985 00000 11947 32006 22913 32507 33880 31510
44849 28512 55820 26516 66787 26018 77771 25018 88726
24021 99671 24527 11604 25535 22517 25543 33494 25544
44407 26042 55380 26044 66318 25540 77170 27021 88155
26025 99149 25027 11146 24523 22137 27513 33131 29019
44124 26523 55110 24526 66104 24524 77100 22013
31313 45408 80906=
 
TTCC  1409/ ///// 
NIL=
 
TTDD  1409/ ///// 
11916 61765 22844 58168 33836 57962
21212 11935 23013 22854 27020 33836 26019
31313 45408 80906=
