TTBB  14098 ///// 
00985 09214 11976 08830 22830 02606 33683 02504 44677
02903 55625 08956 66623 09350 77609 07930 88601 08944
99591 07717 11588 07917 22562 10336 33510 12517 44471
14545 55399 24122 66371 27734 77358 29300 88343 31550
99195 56356 11184 53558 22150 61358 33147 60958 44137
62758 55129 61558 66109 64957 77100 59164
21212 00985 00000 11947 32006 22913 32507 33880 31510
44849 28512 55820 26516 66787 26018 77771 25018 88726
24021 99671 24527 11604 25535 22517 25543 33494 25544
44407 26042 55380 26044 66318 25540 77170 27021 88155
26025 99149 25027 11146 24523 22137 27513 33131 29019
44124 26523 55110 24526 66104 24524 77100 22013
31313 45408 80906=
